1
2
3
4
5
6
7
8
9
268
269
16
17
18
19
20
250
271
272
273
274
275
276
277
278
279
280
281
282
24
26
27
28
29
30
31
32
33
34
35
40
42
43
44
45
46
47
48
49
50
51
52
53
58
60
61
62
63
64
65
66
70
72
73
74
75
76
80
82
83
84
85
86
87
88
89
94
95
96
97
98
99
100
101
102
104
106
107
108
109
110
111
116
118
119
120
121
122
123
124
125
126
127
132
133
135
136
137
138
139
140
141
148
150
151
152
153
154
155
156
157
158
159
164
165
167
168
169
170
171
172
173
178
180
181
182
183
184
185
186
187
188
189
193
194
195
196
198
199
200
201
202
203
204
205
206
207
213
215
216
217
218
219
220
221
222
223
227
228
230
231
232
233
234
235
236
237
238
239
240
243
244
246
247
248
249
251
252
253
256
261
258
259
260
262
263
264
288
290
291
292
293
294
295
296
297
298
299
300
303
304
305
306
307
308
309
311
312
313
314
315
316
317
318
323
325
326
327
328
329
330
331
332
333
336
338
339
340
341
342
343
344
347
349
350
351
352
353
356
358
359
360
361
362
363
364
365
366
369
370
372
373
374
375
376
377
380
381
382
384
385
386
387
388
389
390
391
392
393
394
395
396
397
398
399
400
401
402
403
404
405
406
407
412
413
414
415
416
417
418
419
420
421
422
423
424
425
426
427
428
429
430
431
436
437
439
440
441
442
443
444
445
446
447
448
450
452
453
454
455
456
457
461
462
464
465
466
467
468
469
470
471
474
476
477
478
479
480
481
482
483
490
491
492
493
494
495
497
498
502
503
504
505
506
507
508
509
510
511
512
513
514
515
516
517
518
519
522
524
525
526
527
528
529
530
531
532
533
534
535
536
540
542
543
544
545
546
547
548
549
550
551
555
557
558
559
560
561
562
563
564
568
569
570
571
572
573
574
575
576
582
584
585
586
587
588
589
593
594
595
596
597
598
599
600
601
602
608
610
611
612
613
614
615
616
617
622
623
624
625
626
627
628
629
630
631
632
633
634
635
637
638
639
643
644
645
646
647
648
649
650
651
652
653
654
655
656
657
660
661
662
663
664
665
666
667
672
673
674
675
676
677
678
679
680
681
682
683
689
688
690
691
692
693
694
695
696
697
703
705
706
707
708
709
710
711
712
718
720
721
722
723
724
725
731
732
734
735
736
737
738
739
740
741
742
747
748
750
751
752
753
754
755
760
761
762
763
764
765
766
767
768
769
770
771
772
773
774
775
776
777
778
783
784
785
786
787
794
796
797
798
799
800
801
802
803
804
805
806
807
808
815
816
818
819
820
821
822
823
824
825
829
831
832
833
834
835
836
837
838
842
844
845
846
847
848
849
850
855
857
858
859
860
861
862
863
866
867
868
869
870
871
872
873
874
875
876
877
883
884
886
887
888
889
890
891
892
893
894
899
900
902
903
904
905
906
907
908
909
910
911
912
913
914
916
917
918
919
923
924
925
926
927
930
931
932
933
934
935
936
941
942
943
944
945
946
947
948
949
950
951
954
956
957
958
959
960
961
964
966
967
968
969
970
971
972
973